50
0 22
0 4
1 19
2 14
2 22
3 25
3 18
3 10
4 0
4 19
5 6
5 20
5 21
6 5
7 43
7 39
7 18
8 33
8 10
9 44
9 42
9 24
9 13
9 28
10 29
10 8
10 3
10 12
11 40
11 14
12 45
12 10
12 32
12 15
12 21
13 47
13 9
14 21
14 11
14 2
15 12
16 30
16 28
17 23
17 33
18 7
18 26
18 36
18 3
19 4
19 1
19 35
19 27
19 38
20 5
21 12
21 5
21 14
22 2
22 48
22 0
23 37
23 17
24 9
25 3
26 41
26 46
26 31
26 18
27 19
28 16
28 9
28 33
29 10
30 16
31 26
32 12
33 17
33 34
33 28
33 8
34 33
35 19
36 18
37 23
38 19
39 7
40 49
40 11
41 26
42 9
43 7
44 9
45 12
46 26
47 13
48 22
49 40
