-1.247572938836277 1.1464584052328632
-1.5062629997595762 1.8342245382789053
-0.911531141532816 0.6862054600802695
0.7633705821128655 -0.18096023247051393
-1.3189660922206792 1.4037800088058967
-0.3324021686026766 0.6356304473323424
-0.26737108787498703 0.8475259666283453
1.4028940648719044 -0.3185347479531237
0.33233782089598723 -0.43823379107217175
0.22388133447796704 -1.4094818016312625
0.3759602746623534 -0.10672150853218466
-0.910528739243831 0.3768500629448784
0.044506815359444604 0.1718256603002338
0.1701346224051565 -1.6560300689910807
-0.6672418627876063 0.4839867537744635
-0.09084289870677742 0.32803256967106803
0.002736390509980326 -1.1722462138158107
0.5048033170024989 -0.6776874072391956
1.1221135758590484 -0.31824956084083134
-1.3739787726883554 1.6585951110491342
-0.4139815429002523 0.8400466050095963
-0.3100233741503916 0.38101456802082767
-1.1331739256128703 0.892988728878166
0.6860056295440677 -0.5589283731776771
0.30316294144765105 -1.6165732831851822
0.8801999958423486 0.00549988263123943
1.3024201025670008 -0.5588167231036689
-1.5577901605355984 1.542678084963447
0.2221679329446433 -1.097401926338952
0.45389784732802574 0.09237944223694246
-0.2033137656780668 -1.2441554753900208
1.3234174877908664 -0.7832295828411876
0.18822876360043297 0.333059747992917
0.30665382410632536 -0.7731026055908188
0.44206407312535856 -0.9349346698417091
-1.3542466698172242 1.8819107321411668
1.288232680019191 -0.17574737198370985
0.8432286739224936 -0.42121536293989703
-1.2034130895095017 1.8006242345311545
1.6230374147916657 -0.25675705222931355
-1.1376219311530165 0.27703423904497254
1.5087786177087967 -0.6580788131243995
0.05325393214226145 -1.5459508408384441
1.621161412948631 -0.3884956836034051
0.4054195358437186 -1.5346347404675764
0.0673624817859674 0.38757193178542015
1.4356662107595226 -0.7469620087656798
0.12909616291294798 -1.8773394112263706
-1.3549311837572613 0.8573757823804253
-1.3441148877445663 0.18797841406649213
